0000 f0 18 98 59 ae 32 84 b8 02 5a 59 40 08 00 45 00
0010 02 08 5f df 00 00 3f 11 56 3e 84 e3 3c 1e 84 e3
0020 7d e3 00 35 e9 98 01 f4 e9 24 58 18 81 80 00 01
0030 00 05 00 04 00 0e 06 67 6f 6f 67 6c 65 03 63 6f
0040 6d 00 00 0f 00 01 c0 0c 00 0f 00 01 00 00 02 58
0050 00 0c 00 0a 05 61 73 70 6d 78 01 6c c0 0c c0 0c
0060 00 0f 00 01 00 00 02 58 00 09 00 28 04 61 6c 74
0070 33 c0 2a c0 0c 00 0f 00 01 00 00 02 58 00 09 00
0080 32 04 61 6c 74 34 c0 2a c0 0c 00 0f 00 01 00 00
0090 02 58 00 09 00 1e 04 61 6c 74 32 c0 2a c0 0c 00
00a0 0f 00 01 00 00 02 58 00 09 00 14 04 61 6c 74 31
00b0 c0 2a c0 0c 00 02 00 01 00 02 2e 85 00 06 03 6e
00c0 73 34 c0 0c c0 0c 00 02 00 01 00 02 2e 85 00 06
00d0 03 6e 73 31 c0 0c c0 0c 00 02 00 01 00 02 2e 85
00e0 00 06 03 6e 73 33 c0 0c c0 0c 00 02 00 01 00 02
00f0 2e 85 00 06 03 6e 73 32 c0 0c c0 57 00 01 00 01
0100 00 00 01 25 00 04 8e fa 9d 1a c0 6c 00 01 00 01
0110 00 00 01 25 00 04 8e fa 96 1a c0 2a 00 01 00 01
0120 00 00 01 25 00 04 ad c2 4c 1a c0 42 00 01 00 01
0130 00 00 01 25 00 04 4a 7d c8 1a c0 81 00 01 00 01
0140 00 00 01 25 00 04 8e fb 09 1a c0 ca 00 01 00 01
0150 00 00 24 63 00 04 d8 ef 22 0a c0 a6 00 01 00 01
0160 00 01 6c da 00 04 d8 ef 20 0a c0 b8 00 01 00 01
0170 00 00 24 63 00 04 d8 ef 24 0a c0 94 00 01 00 01
0180 00 01 6c da 00 04 d8 ef 26 0a c0 57 00 1c 00 01
0190 00 00 01 25 00 10 24 04 68 00 40 08 0c 13 00 00
01a0 00 00 00 00 00 1a c0 6c 00 1c 00 01 00 00 01 25
01b0 00 10 2a 00 14 50 40 10 0c 1c 00 00 00 00 00 00
01c0 00 1b c0 2a 00 1c 00 01 00 00 01 25 00 10 2a 00
01d0 14 50 40 0c 0c 06 00 00 00 00 00 00 00 1a c0 42
01e0 00 1c 00 01 00 00 01 25 00 10 24 04 68 00 40 03
01f0 0c 00 00 00 00 00 00 00 00 1b c0 81 00 1c 00 01
0200 00 00 01 25 00 10 2a 00 14 50 40 25 0c 03 00 00
0210 00 00 00 00 00 1b 72 35 be 25 bb d5 46 7f     